$ANSIBLE_VAULT;1.1;AES256
66353164306238646564313363383535303363333635313766396365616366303861386330373036
6336303334396439366561653866633038623432303231300a393236616663626637303433356136
32323430323938653465313366353030663866613435653162373133373663373563363064383534
3666633561633938300a313435616562623161373335373030356537333936353064396239626166
34343030306137663731613130326163373431363938383231653165333061643831616364336535
30303036643038363663613062653666363131346534326131373631613836333735636239633032
66613936366632633533333638353133656135623937373661366131343133306133613230323634
31356461656262326231383462333366356638666634326436333266333534356430656230383265
35646165383264623762396530653962373863383565323231373736633262383038656163393163
61363565643231643530356466376538353930313936383566383563383763643664363831303435
35313936666339313439666163383030313165383238313365656562356534376261353131396134
64613861613736653066343034343162633237346339383638396330323533316530616433663765
35363533613335666562326139343731383066656466356665393961306631383237373362393635
63643334666462333239336463313135366236386562613131646164353232386438323663616235
66373539313466353933363662373039313662326465666236373065636162393738653861643566
66356532306634323738633063336437343839633061623631396336306164653735616136616334
38316431313561316439653662383864356665633234656535383266613339333033333937646430
65346433356464623830633962303463343065363138616134643138633838663661666637316532
33623736373832373964643138373638386265323236323466336262383461396335333864663434
30613833646363323434356538393362653161666430326339636239306666363366636235366434
35303038663165643734386337323364653638616361666566306533646531353030316266393735
38353163343361316234646565646536653134626230393064653266313434363532303964373936
66616236623533336236613235663662306536646464366539613065663333313834623033343565
38383236393566336130326265343761363433623536363465316232623864666532616536656232
62313838356336343436363566626437326233373635326263393366393466656332613661366564
65366338633233353766366333343736313637346634393632316130306637356339383361613132
39666661356536646662366566663736633639666661363239386330376366333130643238623166
38373563646230613630
